# This file describes the activity content
# of drawnumber. Each line is a sublevel.
# The token NEXT_LEVEL let GCompris knows the following
# dataset goes to the next level.
drawnumber/dn_fond1.jpg; drawnumber/dn_fond1.jpg;[407,121];[489,369];[279,216];[537,214];[330,369];[407,121]
drawnumber/dn_de1.jpg; drawnumber/dn_de2.jpg;[404,375];[406,271];[503,233];[588,278];[588,337];[611,311];[727,320];[728,424];[682,486];[560,474];[560,397];[495,423];[404,375]
drawnumber/dn_house1.jpg; drawnumber/dn_house2.jpg;[406,360];[512,360];[513,175];[456,120];[455,70];[430,70];[430,96];[372,40];[219,177];[220,361];[353,361];[352,276];[406,276];[406,360]
drawnumber/dn_sapin1.jpg; drawnumber/dn_sapin2.jpg;[244,463];[341,361];[267,373];[361,238];[300,251];[377,127];[329,146];[399,52];[464,144];[416,128];[492,251];[435,239];[527,371];[458,362];[557,466];[422,453];[422,504];[374,504];[374,453];[244,463]
NEXT_LEVEL
drawnumber/dn_epouvantail1.jpg; drawnumber/dn_epouvantail2.jpg;[255,449];[340,340];[340,224];[212,233];[208,168];[395,160];[368,135];[367,77];[340,79];[339,68];[363,65];[359,18];[460,9];[464,56];[488,54];[489,66];[463,68];[462,135];[434,161];[612,163];[607,223];[477,221];[477,337];[561,457];[507,487];[413,377];[309,491];[255,449]
drawnumber/dn_plane1.jpg; drawnumber/dn_plane2.jpg;[342,312];[163,317];[141,309];[128,285];[141,256];[165,236];[246,212];[170,127];[149,86];[165,70];[190,69];[234,92];[369,200];[500,198];[577,188];[534,161];[533,147];[545,141];[567,144];[604,163];[631,116];[649,105];[664,117];[671,197];[708,212];[718,227];[712,238];[688,238];[652,224];[576,263];[459,288];[533,334];[575,380];[573,398];[551,407];[404,343];[342,312]
drawnumber/dn_poisson1.jpg; drawnumber/dn_poisson2.jpg;[33,338];[78,238];[152,172];[320,158];[378,84];[423,70];[450,83];[463,117];[448,154];[453,164];[478,174];[526,144];[552,158];[555,168];[545,188];[557,215];[623,241];[685,222];[712,188];[739,176];[761,194];[766,274];[740,380];[721,422];[678,408];[654,362];[558,349];[488,367];[498,394];[495,427];[461,448];[414,443];[350,389];[312,387];[320,404];[315,431];[291,433];[267,400];[78,400];[55,384];[47,340];[33,338]
NEXT_LEVEL
drawnumber/dn_fou1.jpg; drawnumber/dn_fou2.jpg;[285,204];[342,143];[374,180];[396,118];[415,188];[419,120];[427,179];[462,154];[514,203];[465,188];[436,224];[436,236];[434,296];[429,315];[470,306];[514,262];[534,184];[554,186];[536,279];[463,366];[454,473];[462,518];[358,518];[370,473];[352,365];[327,402];[350,468];[330,483];[298,407];[330,333];[377,317];[369,295];[364,235];[363,223];[333,189];[285,204]
drawnumber/dn_bear1.jpg; drawnumber/dn_bear2.jpg;[304,256];[262,240];[216,206];[192,174];[195,159];[216,154];[257,167];[300,188];[334,220];[352,206];[370,200];[342,185];[321,154];[319,117];[337,90];[320,76];[315,55];[335,38];[360,40];[376,52];[377,66];[400,59];[431,60];[450,66];[451,48];[468,37];[490,36];[507,48];[510,70];[501,82];[486,86];[502,110];[506,136];[499,164];[479,189];[458,200];[480,212];[522,180];[578,158];[611,154];[622,164];[618,184];[592,213];[550,236];[515,251];[529,286];[532,329];[526,364];[548,354];[566,360];[576,384];[571,417];[548,455];[520,470];[493,456];[490,419];[461,440];[414,453];[360,441];[330,422];[331,450];[317,471];[284,467];[255,434];[242,402];[248,366];[271,354];[296,364];[288,326];[292,282];[304,256]
drawnumber/dn_hibou1.jpg; drawnumber/dn_hibou2.jpg;[443,133];[423,11];[434,10];[472,56];[458,20];[467,19];[495,71];[491,30];[501,33];[522,116];[519,72];[529,75];[537,153];[539,119];[546,125];[547,159];[555,154];[556,208];[583,169];[724,98];[739,99];[703,137];[743,109];[742,121];[691,165];[742,143];[741,155];[654,200];[716,182];[713,195];[650,215];[689,212];[680,219];[615,235];[661,229];[653,238];[604,250];[622,250];[615,255];[582,260];[600,263];[590,268];[577,268];[606,300];[644,294];[643,302];[599,314];[625,311];[623,318];[593,323];[615,323];[611,327];[586,329];[599,332];[591,336];[553,335];[535,357];[534,377];[527,368];[511,367];[493,375];[501,366];[485,371];[493,363];[482,365];[492,355];[514,354];[532,332];[520,331];[505,317];[500,291];[501,303];[490,289];[486,297];[479,282];[473,287];[466,269];[448,252];[446,224];[460,201];[456,191];[459,182];[467,197];[479,196];[443,133]

